========================================================================================================================
Average Compression and Decompression Times
========================================================================================================================


CESM-ATM-SDRBench:
------------------------------------------------------------------------------------------------------------------------
Folder                    Error Bound  Comp Avg (s)    Comp Min     Comp Max     Decomp Avg (s)  Decomp Min   Decomp Max   Files   
------------------------------------------------------------------------------------------------------------------------
topoSZp_16_thread         1e-3         0.027866        0.018595     0.038535     0.168672        0.140328     0.223609     60      
topoSZp_18_thread         1e-3         0.027255        0.017238     0.036420     0.169004        0.141265     0.230973     60      
topoSZp_1E-3              1e-3         0.334567        0.016606     1.679453     0.175850        0.140016     0.219344     60      
topoSZp_1E-5              1e-3         0.000000        0.000000     0.000000     0.000000        0.000000     0.000000     0       
topoSZp_1_thread          1e-3         0.155082        0.106433     0.207920     0.211585        0.167258     0.269630     60      
topoSZp_20_thread         1e-3         0.033359        0.020686     0.043690     0.183791        0.157414     0.243574     60      
topoSZp_22_thread         1e-3         0.033409        0.021682     0.045635     0.184866        0.156457     0.241297     60      
topoSZp_24_thread         1e-3         0.033527        0.021152     0.049938     0.183024        0.154732     0.237839     60      
topoSZp_26_thread         1e-3         0.035122        0.021647     0.066451     0.185564        0.154546     0.236582     60      
topoSZp_28_thread         1e-3         0.041147        0.020339     0.100226     0.185586        0.153190     0.267775     60      
topoSZp_2_thread          1e-3         0.091078        0.060241     0.126521     0.192983        0.159101     0.244571     60      
topoSZp_30_thread         1e-3         0.042385        0.020919     0.110891     0.185691        0.156336     0.233145     60      
topoSZp_32_thread         1e-3         0.046163        0.021321     0.109071     0.185059        0.155695     0.238362     60      
topoSZp_36_thread         1e-3         0.056524        0.023135     0.125959     0.189659        0.158003     0.243232     60      
topoSZp_4_thread          1e-3         0.056017        0.035736     0.080512     0.181153        0.152319     0.231013     60      
topoSZp_8_thread          1e-3         0.038228        0.023275     0.052490     0.173506        0.147987     0.233731     59      
topoSZp_16_thread         1e-4         0.301440        0.019582     1.583235     0.177880        0.154687     0.205277     60      
topoSZp_1E-4              1e-4         0.496505        0.017398     2.849504     0.174919        0.145285     0.220946     60      
topoSZp_1_thread          1e-4         2.003282        0.117605     10.135396    0.231685        0.183320     0.268232     60      
topoSZp_2_thread          1e-4         1.078163        0.064858     5.502075     0.204975        0.168949     0.238185     60      
topoSZp_32_thread         1e-4         0.494359        0.016471     2.785941     0.186969        0.155618     0.243970     60      
topoSZp_4_thread          1e-4         0.562270        0.037758     2.768637     0.182273        0.153745     0.233923     60      
topoSZp_8_thread          1e-4         0.300556        0.024600     1.441730     0.177710        0.155428     0.209007     60      

CESM-CLIMATE:
------------------------------------------------------------------------------------------------------------------------
Folder                    Error Bound  Comp Avg (s)    Comp Min     Comp Max     Decomp Avg (s)  Decomp Min   Decomp Max   Files   
------------------------------------------------------------------------------------------------------------------------
topoSZp_16_thread         1e-3         0.007875        0.003360     0.019577     0.033312        0.017975     0.048651     86      
topoSZp_18_thread         1e-3         0.007894        0.003365     0.018918     0.033011        0.017555     0.048277     86      
topoSZp_1E-3              1e-3         0.008902        0.003368     0.019331     0.033885        0.020451     0.050575     86      
topoSZp_1E-5              1e-3         0.000000        0.000000     0.000000     0.000000        0.000000     0.000000     0       
topoSZp_1_thread          1e-3         0.028904        0.014046     0.055486     0.037141        0.020047     0.054960     86      
topoSZp_20_thread         1e-3         0.009858        0.003597     0.022313     0.035190        0.020919     0.052549     86      
topoSZp_22_thread         1e-3         0.010070        0.005099     0.022139     0.034865        0.020852     0.051600     86      
topoSZp_24_thread         1e-3         0.010191        0.004441     0.020789     0.035562        0.020200     0.053509     86      
topoSZp_26_thread         1e-3         0.010217        0.003987     0.020219     0.035158        0.020112     0.053566     86      
topoSZp_28_thread         1e-3         0.010192        0.003612     0.024597     0.036192        0.021178     0.064748     86      
topoSZp_2_thread          1e-3         0.018712        0.007982     0.042380     0.035711        0.020242     0.056090     86      
topoSZp_30_thread         1e-3         0.010359        0.003844     0.022240     0.036038        0.021603     0.051950     86      
topoSZp_32_thread         1e-3         0.010837        0.004541     0.021939     0.036774        0.020492     0.065965     86      
topoSZp_36_thread         1e-3         0.011741        0.004968     0.026344     0.036265        0.021279     0.051040     85      
topoSZp_4_thread          1e-3         0.012743        0.005209     0.027242     0.033619        0.019164     0.049806     86      
topoSZp_8_thread          1e-3         0.009292        0.003679     0.019668     0.033098        0.018389     0.049398     85      
topoSZp_16_thread         1e-4         0.023334        0.003882     0.136453     0.033427        0.020258     0.064110     86      
topoSZp_1E-4              1e-4         0.019356        0.003320     0.146310     0.033579        0.020117     0.073355     86      
topoSZp_1_thread          1e-4         0.212588        0.015537     1.204894     0.039619        0.021206     0.060591     86      
topoSZp_2_thread          1e-4         0.114141        0.009001     0.634713     0.036015        0.020521     0.052019     86      
topoSZp_32_thread         1e-4         0.025151        0.003690     0.200601     0.033204        0.019903     0.072567     86      
topoSZp_4_thread          1e-4         0.062386        0.005488     0.331788     0.034277        0.020375     0.057262     86      
topoSZp_8_thread          1e-4         0.034758        0.003848     0.175459     0.032631        0.020723     0.047201     86      

CESM-ICE:
------------------------------------------------------------------------------------------------------------------------
Folder                    Error Bound  Comp Avg (s)    Comp Min     Comp Max     Decomp Avg (s)  Decomp Min   Decomp Max   Files   
------------------------------------------------------------------------------------------------------------------------
topoSZp_16_thread         1e-3         0.001643        0.001213     0.008002     0.004851        0.003759     0.006031     122     
topoSZp_18_thread         1e-3         0.001687        0.001291     0.007168     0.004990        0.003956     0.006140     124     
topoSZp_1E-3              1e-3         0.003062        0.002416     0.005826     0.006472        0.005274     0.008294     124     
topoSZp_1E-5              1e-3         0.000000        0.000000     0.000000     0.000000        0.000000     0.000000     0       
topoSZp_1_thread          1e-3         0.002808        0.002269     0.004575     0.004130        0.003062     0.006056     124     
topoSZp_20_thread         1e-3         0.002239        0.001761     0.006125     0.005909        0.004580     0.021624     124     
topoSZp_22_thread         1e-3         0.002554        0.001916     0.004639     0.006113        0.004801     0.032706     124     
topoSZp_24_thread         1e-3         0.002840        0.002049     0.005087     0.006234        0.004838     0.017663     124     
topoSZp_26_thread         1e-3         0.003073        0.002286     0.011688     0.006222        0.005000     0.007757     124     
topoSZp_28_thread         1e-3         0.003624        0.002429     0.033164     0.006597        0.005169     0.030010     123     
topoSZp_2_thread          1e-3         0.001769        0.001478     0.003079     0.004055        0.002982     0.005343     124     
topoSZp_30_thread         1e-3         0.003296        0.002522     0.024280     0.006598        0.005356     0.013286     124     
topoSZp_32_thread         1e-3         0.003498        0.002646     0.011705     0.006798        0.005405     0.019065     124     
topoSZp_36_thread         1e-3         0.003919        0.002919     0.034501     0.007271        0.005728     0.020301     124     
topoSZp_4_thread          1e-3         0.001531        0.001078     0.002387     0.004089        0.002997     0.005229     124     
topoSZp_8_thread          1e-3         0.001673        0.001147     0.002809     0.004388        0.003306     0.006550     120     
topoSZp_16_thread         1e-4         0.001913        0.001430     0.003801     0.005292        0.004153     0.006663     124     
topoSZp_1E-4              1e-4         0.002985        0.002379     0.004689     0.006539        0.005269     0.014028     124     
topoSZp_1_thread          1e-4         0.003019        0.002438     0.005880     0.004453        0.003246     0.006242     124     
topoSZp_2_thread          1e-4         0.002142        0.001622     0.004581     0.004290        0.003132     0.005953     124     
topoSZp_32_thread         1e-4         0.003194        0.002438     0.005513     0.006531        0.005355     0.008149     124     
topoSZp_4_thread          1e-4         0.001865        0.001301     0.003216     0.004287        0.003092     0.005610     124     
topoSZp_8_thread          1e-4         0.001952        0.001351     0.003243     0.004603        0.003574     0.005810     124     

CESM-LAND:
------------------------------------------------------------------------------------------------------------------------
Folder                    Error Bound  Comp Avg (s)    Comp Min     Comp Max     Decomp Avg (s)  Decomp Min   Decomp Max   Files   
------------------------------------------------------------------------------------------------------------------------
topoSZp_16_thread         1e-3         0.001548        0.001067     0.024243     0.002961        0.002180     0.004042     174     
topoSZp_18_thread         1e-3         0.001576        0.001145     0.003515     0.003165        0.002249     0.013960     176     
topoSZp_1E-3              1e-3         0.002791        0.002299     0.004465     0.004255        0.003360     0.005391     176     
topoSZp_1E-5              1e-3         0.000000        0.000000     0.000000     0.000000        0.000000     0.000000     0       
topoSZp_1_thread          1e-3         0.001685        0.001116     0.002764     0.002162        0.001282     0.003283     176     
topoSZp_20_thread         1e-3         0.002128        0.001582     0.003397     0.003651        0.002802     0.005114     176     
topoSZp_22_thread         1e-3         0.002371        0.001741     0.013100     0.003997        0.002906     0.027083     176     
topoSZp_24_thread         1e-3         0.002548        0.001822     0.017863     0.004130        0.003054     0.028647     176     
topoSZp_26_thread         1e-3         0.002564        0.002008     0.004097     0.004292        0.003167     0.028260     176     
topoSZp_28_thread         1e-3         0.002983        0.002213     0.024587     0.004302        0.003231     0.024868     176     
topoSZp_2_thread          1e-3         0.001267        0.000754     0.001967     0.002207        0.001379     0.002970     176     
topoSZp_30_thread         1e-3         0.003154        0.002243     0.033726     0.004349        0.003370     0.012290     176     
topoSZp_32_thread         1e-3         0.003338        0.002417     0.035348     0.004512        0.003541     0.014812     176     
topoSZp_36_thread         1e-3         0.003660        0.002617     0.021795     0.004949        0.003689     0.031404     176     
topoSZp_4_thread          1e-3         0.001094        0.000627     0.001960     0.002297        0.001506     0.003155     176     
topoSZp_8_thread          1e-3         0.001247        0.000731     0.002125     0.002559        0.001754     0.003363     176     
topoSZp_16_thread         1e-4         0.001941        0.001208     0.003779     0.003217        0.002390     0.003997     176     
topoSZp_1E-4              1e-4         0.003102        0.002231     0.014330     0.004211        0.003314     0.006016     176     
topoSZp_1_thread          1e-4         0.002014        0.001147     0.004379     0.002253        0.001452     0.003144     176     
topoSZp_2_thread          1e-4         0.001611        0.000892     0.003604     0.002222        0.001449     0.003409     176     
topoSZp_32_thread         1e-4         0.003087        0.002307     0.004992     0.004256        0.003323     0.006016     176     
topoSZp_4_thread          1e-4         0.001513        0.000721     0.003516     0.002337        0.001579     0.003230     176     
topoSZp_8_thread          1e-4         0.001492        0.000815     0.003206     0.002656        0.001841     0.003486     176     

CESM-OCEAN:
------------------------------------------------------------------------------------------------------------------------
Folder                    Error Bound  Comp Avg (s)    Comp Min     Comp Max     Decomp Avg (s)  Decomp Min   Decomp Max   Files   
------------------------------------------------------------------------------------------------------------------------
topoSZp_16_thread         1e-3         0.002888        0.001260     0.007554     0.005959        0.003835     0.009142     54      
topoSZp_18_thread         1e-3         0.002745        0.001368     0.009254     0.006113        0.003876     0.009349     54      
topoSZp_1E-3              1e-3         0.003707        0.002580     0.007427     0.007577        0.005275     0.010450     54      
topoSZp_1E-5              1e-3         0.000000        0.000000     0.000000     0.000000        0.000000     0.000000     0       
topoSZp_1_thread          1e-3         0.004543        0.002467     0.009004     0.005325        0.003040     0.008900     54      
topoSZp_20_thread         1e-3         0.003497        0.001810     0.010311     0.006857        0.004555     0.010189     54      
topoSZp_22_thread         1e-3         0.004252        0.001945     0.009409     0.007578        0.004789     0.035794     54      
topoSZp_24_thread         1e-3         0.004271        0.002212     0.011210     0.007300        0.004973     0.013368     54      
topoSZp_26_thread         1e-3         0.004596        0.002400     0.011579     0.007414        0.005118     0.010641     54      
topoSZp_28_thread         1e-3         0.004751        0.002412     0.010727     0.007494        0.005266     0.010529     54      
topoSZp_2_thread          1e-3         0.003305        0.001503     0.008308     0.005280        0.003014     0.008818     54      
topoSZp_30_thread         1e-3         0.004431        0.002714     0.010591     0.007725        0.005476     0.010948     54      
topoSZp_32_thread         1e-3         0.005177        0.002780     0.023248     0.007992        0.005652     0.015927     54      
topoSZp_36_thread         1e-3         0.005370        0.002901     0.019850     0.008301        0.005809     0.013198     54      
topoSZp_4_thread          1e-3         0.002822        0.001308     0.007342     0.005212        0.003070     0.008344     54      
topoSZp_8_thread          1e-3         0.002813        0.001210     0.006506     0.005474        0.003293     0.008616     54      
topoSZp_16_thread         1e-4         0.002836        0.001522     0.008233     0.006372        0.004290     0.009217     54      
topoSZp_1E-4              1e-4         0.003762        0.002496     0.008089     0.007574        0.005326     0.010330     54      
topoSZp_1_thread          1e-4         0.005695        0.002562     0.017539     0.005756        0.003177     0.009233     54      
topoSZp_2_thread          1e-4         0.003914        0.001678     0.010916     0.005467        0.003194     0.008466     54      
topoSZp_32_thread         1e-4         0.004325        0.002627     0.009093     0.007632        0.005442     0.010263     54      
topoSZp_4_thread          1e-4         0.003273        0.001530     0.007064     0.005519        0.003188     0.008976     54      
topoSZp_8_thread          1e-4         0.002923        0.001212     0.007055     0.005694        0.003405     0.008626     54      

========================================================================================================================
Summary: Average Times Across All Datasets (by folder type)
========================================================================================================================

Folder Type               Avg Comp (s)    Avg Decomp (s)  Datasets  
------------------------------------------------------------------------------------------------------------------------
topoSZp_16_thread         0.037328        0.044194        10        
topoSZp_18_thread         0.008231        0.043256        5         
topoSZp_1E-3              0.070606        0.045608        5         
topoSZp_1E-4              0.105142        0.045364        5         
topoSZp_1E-5              0.000000        0.000000        5         
topoSZp_1_thread          0.241962        0.054411        10        
topoSZp_20_thread         0.010216        0.047080        5         
topoSZp_22_thread         0.010531        0.047484        5         
topoSZp_24_thread         0.010675        0.047250        5         
topoSZp_26_thread         0.011114        0.047730        5         
topoSZp_28_thread         0.012539        0.048034        5         
topoSZp_2_thread          0.131610        0.049321        10        
topoSZp_30_thread         0.012725        0.048080        5         
topoSZp_32_thread         0.059913        0.047973        10        
topoSZp_36_thread         0.016243        0.049289        5         
topoSZp_4_thread          0.070551        0.045506        10        
topoSZp_8_thread          0.039493        0.044232        10        
